for current `100
data read motor 1curr [0, 96, 99, 100, 101, 98, 46, 19]
data read motor 2curr [-99, -100, -100, -100, -99, -75, -28, -14]
data read_timecurr [1517276911.311614, 1517276911.375594, 1517276911.43961, 1517276911.503609, 1517276911.567586, 1517276911.631589, 1517276911.69559, 1517276911.75957] [1517276911.327593, 1517276911.391611, 1517276911.455591, 1517276911.519609, 1517276911.583532, 1517276911.647608, 1517276911.71161, 1517276911.775606]
data read_timevel [1517276911.359614, 1517276911.423616, 1517276911.48757, 1517276911.551614, 1517276911.615592, 1517276911.679611, 1517276911.743609, 1517276911.807611]
data read_timepos [1517276911.343596, 1517276911.407614, 1517276911.471613, 1517276911.535612, 1517276911.599613, 1517276911.663593, 1517276911.727594, 1517276911.791598]
torque [53433.54928998862, 111763.99236701994, -37547.0927068338, -30938.008828746173, 28636.810171007088, 53336.9694010215, 33277.425112153505, 11522.088775914544]
velocity [26, 93, 70, 51, 68, 100, 120, 127]
read position1 [3519, 3613, 3690, 3743, 3807, 3901, 4019, 4147]


data read motor 1curr [0, 92, 100, 102, 99, 88, 62, 3]
data read motor 2curr [-95, -100, -99, -100, -99, -74, -53, -1]
data read_timecurr [1517276974.548436, 1517276974.612436, 1517276974.676402, 1517276974.740379, 1517276974.804407, 1517276974.868402, 1517276974.932411, 1517276974.996399] [1517276974.564419, 1517276974.628411, 1517276974.692401, 1517276974.756405, 1517276974.820421, 1517276974.884396, 1517276974.948369, 1517276975.012418]
data read_timevel [1517276974.596448, 1517276974.660403, 1517276974.724408, 1517276974.788401, 1517276974.852415, 1517276974.91641, 1517276974.980404, 1517276975.044415]
data read_timepos [1517276974.580428, 1517276974.644413, 1517276974.708377, 1517276974.772594, 1517276974.836402, 1517276974.900416, 1517276974.964384, 1517276975.028404]
torque [51381.01227008883, 116858.94691203312, -29193.278156756172, -16025.952879400165, 31928.266797238328, 31782.30019903036, 24971.25701890128, 26402.084721088493]
velocity [25, 95, 77, 67, 86, 105, 120, 136]
read position1 [3486, 3581, 3662, 3731, 3812, 3916, 4031, 4169]






for 80

data read motor 1curr [0, 80, 81, 78, 77, 79, 45, 20]
data read motor 2curr [-74, -80, -80, -77, -79, -79, -31, -13]
data read_timecurr [1517276837.498361, 1517276837.56229, 1517276837.626287, 1517276837.690302, 1517276837.75428, 1517276837.818287, 1517276837.882324, 1517276837.946301] [1517276837.514336, 1517276837.578292, 1517276837.642315, 1517276837.706288, 1517276837.77032, 1517276837.834287, 1517276837.898309, 1517276837.962325]
data read_timevel [1517276837.546336, 1517276837.610496, 1517276837.674312, 1517276837.738284, 1517276837.802277, 1517276837.866317, 1517276837.930304, 1517276837.994383]
data read_timepos [1517276837.530322, 1517276837.594339, 1517276837.658314, 1517276837.722272, 1517276837.786303, 1517276837.850308, 1517276837.914331, 1517276837.978327]
torque [41217.62144377284, 79978.80992243673, -77571.00397304815, 43642.79371247436, 83276.94418328856, -34522.9395629111, 71385.89584596122, 14789.227070717929]
velocity [20, 68, 21, 47, 97, 76, 119, 128]
read position1 [3618, 3689, 3722, 3752, 3850, 3927, 4039, 4166]









data read motor 1curr [0, 60, 59, 57, 60, 61, 27, 2]
data read motor 2curr [-56, -60, -60, -59, -60, -59, -11, -2]
data read_timecurr [1517279527.036464, 1517279527.100434, 1517279527.164324, 1517279527.228391, 1517279527.292346, 1517279527.356345, 1517279527.420338, 1517279527.484318] [1517279527.052461, 1517279527.116411, 1517279527.180339, 1517279527.24442, 1517279527.308454, 1517279527.372357, 1517279527.436368, 1517279527.500452]
data read_timevel [1517279527.084464, 1517279527.148456, 1517279527.212427, 1517279527.276397, 1517279527.34046, 1517279527.404455, 1517279527.468452, 1517279527.532431]
data read_timepos [1517279527.068507, 1517279527.132436, 1517279527.196419, 1517279527.260446, 1517279527.324388, 1517279527.388453, 1517279527.452339, 1517279527.516449]
torque [566.7115821265269, 592.7420041760586, 192.25458669575121, 397.7413690587324, 402.89416114690846, -13.886305945411541, 7.682896882952463, -357.88680699031875]
velocity [15, 55, 24, 44, 94, 89, 127, 133]
read position1 [3787, 3844, 3874, 3907, 4000, 4089, 4211, 4345]










data read motor 1curr [0, 48, 50, 48, 50, 49, 48, 50]
data read motor 2curr [-49, -50, -50, -50, -50, -49, -50, -50]
data read_timecurr [1517278399.583476, 1517278399.647476, 1517278399.711455, 1517278399.775462, 1517278399.839454, 1517278399.903455, 1517278399.967459, 1517278400.031465] [1517278399.599473, 1517278399.663457, 1517278399.727461, 1517278399.791467, 1517278399.855472, 1517278399.919471, 1517278399.983499, 1517278400.047453]
data read_timevel [1517278399.63146, 1517278399.695477, 1517278399.759461, 1517278399.823477, 1517278399.887466, 1517278399.951456, 1517278400.015525, 1517278400.079456]
data read_timepos [1517278399.615461, 1517278399.679456, 1517278399.743462, 1517278399.807409, 1517278399.871474, 1517278399.935474, 1517278399.999464, 1517278400.06346]
torque [528.454369777528, 529.0438280977082, 210.15824440336613, 495.77990049474926, 272.9515518217245, 262.8296972540574, 222.55095236198434, 50.567512771211504]
velocity [12, 39, 5, 37, 37, 48, 74, 93]
read position1 [3801, 3843, 3852, 3882, 3923, 3965, 4038, 4124]





horizontal data

data read motor 1curr [0, 20, 20, 20, 19, 19, 19, 20, 20, 19, 19, 20, 20, 19, 20, 20]
data read motor 2curr [-19, -21, -20, -19, -19, -18, -20, -19, -20, -18, -21, -20, -20, -20, -21, -19]
data read_timecurr [1517291175.14457, 1517291175.208562, 1517291175.272563, 1517291175.336548, 1517291175.400561, 1517291175.464564, 1517291175.528523, 1517291175.592505, 1517291175.656527, 1517291175.720519, 1517291175.784524, 1517291175.848547, 1517291175.912548, 1517291175.976512, 1517291176.040497, 1517291176.104497] [1517291175.160586, 1517291175.224594, 1517291175.288582, 1517291175.352575, 1517291175.416527, 1517291175.480582, 1517291175.544532, 1517291175.608543, 1517291175.672522, 1517291175.736514, 1517291175.800522, 1517291175.864522, 1517291175.92854, 1517291175.992478, 1517291176.056519, 1517291176.120529]
data read_timevel [1517291175.192581, 1517291175.256585, 1517291175.320575, 1517291175.384569, 1517291175.448584, 1517291175.512555, 1517291175.576688, 1517291175.640522, 1517291175.70455, 1517291175.768546, 1517291175.832551, 1517291175.89651, 1517291175.960512, 1517291176.024539, 1517291176.088529, 1517291176.152468]
data read_timepos [1517291175.176569, 1517291175.240569, 1517291175.304585, 1517291175.368586, 1517291175.432587, 1517291175.496548, 1517291175.560532, 1517291175.624534, 1517291175.688547, 1517291175.752546, 1517291175.81655, 1517291175.880521, 1517291175.944505, 1517291176.008574, 1517291176.072503, 1517291176.136441]
torque [18.337084152980466, 65.11140755526802, 0.0, 90.16836368543032, 25.038465378938255, 30.066987059648437, 59.98173564418129, 30.131447039599948, 15.020058422239652, 40.07348460894076, 25.042475920745083, 35.08468958481549, 30.05231444523048, 5.0067607146401905, 40.07721731949026, 25.06834209904408]
velocity [3, 16, 16, 34, 39, 45, 57, 63, 66, 74, 79, 86, 92, 93, 101, 106]
read position1 [3036, 3055, 3071, 3106, 3147, 3192, 3249, 3314, 3383, 3458, 3538, 3624, 3717, 3811, 3913, 4020]




data read motor 1curr [0, 9, 9, 10, 9, 10, 9, 10, 9, 9, 9, 11, 9, 8, 9, 10, 8, 10, 10, 9, 9, 9, 10, 8, 9, 11, 9, 11, 11, 9, 8, 10]
data read motor 2curr [-10, -8, -9, -10, -9, -10, -8, -10, -10, -10, -9, -9, -11, -10, -9, -9, -9, -10, -8, -9, -10, -8, -9, -10, -9, -9, -9, -10, -9, -10, -9, -9]
data read_timecurr [1517362415.517509, 1517362415.581474, 1517362415.645408, 1517362415.709474, 1517362415.77347, 1517362415.837462, 1517362415.901494, 1517362415.965451, 1517362416.029448, 1517362416.093444, 1517362416.157446, 1517362416.221468, 1517362416.285475, 1517362416.349442, 1517362416.413426, 1517362416.477426, 1517362416.541464, 1517362416.605445, 1517362416.669442, 1517362416.733418, 1517362416.797465, 1517362416.861392, 1517362416.925417, 1517362416.989438, 1517362417.053391, 1517362417.117381, 1517362417.181379, 1517362417.245387, 1517362417.309392, 1517362417.373382, 1517362417.437374, 1517362417.50137] [1517362415.533449, 1517362415.597472, 1517362415.661468, 1517362415.725472, 1517362415.789475, 1517362415.853467, 1517362415.91751, 1517362415.98147, 1517362416.045448, 1517362416.109474, 1517362416.173424, 1517362416.237449, 1517362416.301446, 1517362416.365442, 1517362416.429519, 1517362416.49342, 1517362416.557459, 1517362416.621449, 1517362416.685413, 1517362416.749387, 1517362416.813404, 1517362416.877441, 1517362416.941383, 1517362417.005444, 1517362417.069416, 1517362417.13337, 1517362417.197387, 1517362417.261415, 1517362417.32525, 1517362417.389418, 1517362417.453416, 1517362417.517364]
data read_timevel [1517362415.565477, 1517362415.62945, 1517362415.693503, 1517362415.757477, 1517362415.821462, 1517362415.88543, 1517362415.949449, 1517362416.01348, 1517362416.077461, 1517362416.141447, 1517362416.205471, 1517362416.269463, 1517362416.333463, 1517362416.397437, 1517362416.461467, 1517362416.525423, 1517362416.589435, 1517362416.65347, 1517362416.71746, 1517362416.781445, 1517362416.845414, 1517362416.909442, 1517362416.973443, 1517362417.037439, 1517362417.101417, 1517362417.165413, 1517362417.229394, 1517362417.293361, 1517362417.357328, 1517362417.42142, 1517362417.48537, 1517362417.549405]
data read_timepos [1517362415.549479, 1517362415.613506, 1517362415.677502, 1517362415.741476, 1517362415.805502, 1517362415.869459, 1517362415.933439, 1517362415.99747, 1517362416.06145, 1517362416.125469, 1517362416.189468, 1517362416.253473, 1517362416.317471, 1517362416.381447, 1517362416.44547, 1517362416.509451, 1517362416.573467, 1517362416.637441, 1517362416.701442, 1517362416.765447, 1517362416.829419, 1517362416.893418, 1517362416.957417, 1517362417.021417, 1517362417.085435, 1517362417.149395, 1517362417.21342, 1517362417.277418, 1517362417.34132, 1517362417.405413, 1517362417.469385, 1517362417.53339]
torque [0.0, 50.10977751277037, -20.018991995829754, 30.065418310253722, 15.030188505014403, 10.022739921103149, 25.036973412209903, 0.0, 10.020723092875945, 15.029908484958566, 0.0, 15.028508541172291, 10.017774009767047, 10.021806103417909, 15.019610998870743, 5.012322724448031, 10.015871093136392, 10.0122910928946, 20.03868332118809, 5.01004416672284, 5.011313926896288, 10.013372281493103, 5.0087937086719885, 15.027556728352781, 10.021208551412995, 10.018408476003163, 0.0, 0.0, 5.0114633527617105, 0.0, -5.0128085866563845, -15.01838072204021]
velocity [0, 10, 6, 12, 15, 17, 22, 22, 24, 27, 27, 30, 32, 34, 37, 38, 40, 42, 46, 47, 48, 50, 51, 54, 56, 58, 58, 58, 59, 59, 58, 55]
read position1 [3307, 3318, 3326, 3338, 3355, 3374, 3397, 3421, 3447, 3476, 3505, 3537, 3572, 3608, 3646, 3686, 3728, 3772, 3818, 3866, 3917, 3969, 4022, 4077, 4134, 4195, 4255, 4315, 4376, 4436, 4496, 4553]





data read motor 1curr [0, 29, 29, 29, 30, 28, 29, 30, 28, 26, 18, 12, 13, 15, 17, 17]
data read motor 2curr [-28, -30, -29, -30, -28, -29, -29, -29, -27, -24, -11, -12, -11, -14, -12, -13]
data read_timecurr [1517364187.558523, 1517364187.622511, 1517364187.68651, 1517364187.750492, 1517364187.814487, 1517364187.878534, 1517364187.942488, 1517364188.006344, 1517364188.070465, 1517364188.13445, 1517364188.198438, 1517364188.262496, 1517364188.326472, 1517364188.390472, 1517364188.454501, 1517364188.518469] [1517364187.574493, 1517364187.638511, 1517364187.702515, 1517364187.766491, 1517364187.830492, 1517364187.894401, 1517364187.958394, 1517364188.02247, 1517364188.086408, 1517364188.150434, 1517364188.214455, 1517364188.27838, 1517364188.342441, 1517364188.406469, 1517364188.470471, 1517364188.534446]
data read_timevel [1517364187.606511, 1517364187.67051, 1517364187.734517, 1517364187.798493, 1517364187.862492, 1517364187.926484, 1517364187.990356, 1517364188.054355, 1517364188.118447, 1517364188.182465, 1517364188.246471, 1517364188.310476, 1517364188.374459, 1517364188.438471, 1517364188.502468, 1517364188.566449]
data read_timepos [1517364187.590521, 1517364187.654517, 1517364187.718515, 1517364187.782488, 1517364187.846529, 1517364187.910376, 1517364187.974358, 1517364188.038443, 1517364188.102416, 1517364188.166469, 1517364188.23044, 1517364188.294406, 1517364188.358475, 1517364188.422457, 1517364188.486478, 1517364188.550447]
torque [36.70269968533392, 90.16130959839346, 10.016654559483795, 145.3123976518866, 45.080486858508586, 60.114034164689166, 85.32176393123669, 45.08065479919673, 65.02178981268948, 40.059754219556254, 20.033682234312874, 5.008476527547833, 0.0, -10.015871093136392, -5.009110929972128, 0.0]
velocity [6, 24, 26, 55, 64, 76, 93, 102, 115, 123, 127, 128, 128, 126, 125, 125]
read position1 [3026, 3052, 3077, 3130, 3195, 3270, 3364, 3467, 3582, 3705, 3832, 3962, 4092, 4217, 4343, 4470]





data read motor 1curr [0, 38, 40, 40, 40, 39, 22, 11, 5, 4, 5, 3, 3]
data read motor 2curr [-39, -41, -39, -40, -38, -25, -22, -12, -9, -10, -10, -8, -8]
data read_timecurr [1517365532.594923, 1517365532.658917, 1517365532.722935, 1517365532.786928, 1517365532.85091, 1517365532.914863, 1517365532.97888, 1517365533.042917, 1517365533.106921, 1517365533.170899, 1517365533.234925, 1517365533.298863, 1517365533.362922] [1517365532.610932, 1517365532.674892, 1517365532.738918, 1517365532.802859, 1517365532.866917, 1517365532.930873, 1517365532.994916, 1517365533.058872, 1517365533.122892, 1517365533.186862, 1517365533.25091, 1517365533.31486, 1517365533.378872]
data read_timevel [1517365532.642926, 1517365532.706896, 1517365532.770935, 1517365532.834907, 1517365532.898896, 1517365532.962895, 1517365533.026923, 1517365533.090875, 1517365533.154899, 1517365533.218867, 1517365533.282896, 1517365533.346884, 1517365533.410897]
data read_timepos [1517365532.626894, 1517365532.690926, 1517365532.75487, 1517365532.818905, 1517365532.882871, 1517365532.946916, 1517365533.01087, 1517365533.074895, 1517365533.138868, 1517365533.202911, 1517365533.266909, 1517365533.330909, 1517365533.394888]
torque [58.89988054774677, 120.26929296612799, 10.011657401225683, 205.45391628363453, 65.12669141070167, 105.18819453145902, 55.07354754821206, 35.08848275047667, 5.007003095137741, 0.0, 0.0, 0.0, 0.0]
velocity [10, 34, 36, 77, 90, 111, 122, 129, 130, 130, 130, 130, 130]
read position1 [3012, 3049, 3083, 3156, 3249, 3356, 3480, 3611, 3742, 3872, 4003, 4134, 4265]





data read motor 1curr [0, 46, 45, 43, 44, 28, 10, 4, 5, 6, 8, 7, 6]
data read motor 2curr [-44, -45, -43, -45, -45, -10, -9, -8, -9, -12, -11, -11, -9]
data read_timecurr [1517366853.254606, 1517366853.31856, 1517366853.382692, 1517366853.446694, 1517366853.510575, 1517366853.574549, 1517366853.638593, 1517366853.702548, 1517366853.766559, 1517366853.83055, 1517366853.894549, 1517366853.958545, 1517366854.022546] [1517366853.270613, 1517366853.334581, 1517366853.398603, 1517366853.46256, 1517366853.526717, 1517366853.590623, 1517366853.654612, 1517366853.718572, 1517366853.782588, 1517366853.846572, 1517366853.910529, 1517366853.974532, 1517366854.038585]
data read_timevel [1517366853.302609, 1517366853.366602, 1517366853.430603, 1517366853.4946, 1517366853.558592, 1517366853.622599, 1517366853.686577, 1517366853.750578, 1517366853.814586, 1517366853.878588, 1517366853.942575, 1517366854.006568, 1517366854.070586]
data read_timepos [1517366853.286581, 1517366853.350585, 1517366853.414604, 1517366853.478597, 1517366853.542604, 1517366853.606602, 1517366853.670574, 1517366853.73458, 1517366853.79857, 1517366853.862572, 1517366853.926568, 1517366853.990577, 1517366854.054571]
torque [58.88698251890511, 170.32055850950013, 10.017587417343977, 265.48287928852284, 60.114034164689166, 45.075113417080786, 45.095270430504044, 5.008812367636255, -5.008252659174462, 0.0, 0.0, 0.0, 0.0]
velocity [10, 44, 46, 99, 111, 120, 129, 130, 129, 129, 129, 129, 129]
read position1 [2991, 3038, 3080, 3172, 3286, 3407, 3538, 3669, 3800, 3929, 4058, 4187, 4316]




data read motor 1curr [0, 50, 50, 49, 42, 16, 4, 5, 8, 8, 7, 5, 3]
data read motor 2curr [-46, -50, -49, -49, -49, -10, -7, -12, -14, -13, -10, -10, -9]
data read_timecurr [1517367457.04067, 1517367457.104653, 1517367457.168663, 1517367457.232662, 1517367457.29667, 1517367457.360692, 1517367457.424651, 1517367457.488666, 1517367457.552607, 1517367457.616688, 1517367457.680636, 1517367457.744666, 1517367457.808655] [1517367457.056653, 1517367457.120655, 1517367457.184671, 1517367457.248653, 1517367457.31265, 1517367457.376656, 1517367457.440673, 1517367457.50465, 1517367457.568627, 1517367457.632635, 1517367457.696627, 1517367457.760627, 1517367457.824625]
data read_timevel [1517367457.088657, 1517367457.152653, 1517367457.216666, 1517367457.280664, 1517367457.344657, 1517367457.408653, 1517367457.472661, 1517367457.53664, 1517367457.600625, 1517367457.664629, 1517367457.728644, 1517367457.792631, 1517367457.856629]
data read_timepos [1517367457.072675, 1517367457.136659, 1517367457.200674, 1517367457.264675, 1517367457.328672, 1517367457.392654, 1517367457.456654, 1517367457.520642, 1517367457.584631, 1517367457.648626, 1517367457.712631, 1517367457.776632, 1517367457.840626]
torque [79.61705542004178, 165.3031240118806, 40.06288750138653, 255.46085058861942, 55.103710106014745, 60.110226913411125, 15.024757977523384, -10.021059174545709, -10.02008833344568, 15.02570943583108, 5.007711726552557, -5.009894825475382, 0.0]
velocity [13, 46, 54, 105, 116, 128, 131, 129, 127, 130, 131, 130, 130]
read position1 [3074, 3122, 3170, 3269, 3386, 3515, 3647, 3778, 3905, 4036, 4167, 4297, 4429]


data read motor 1curr [0, 54, 54, 43, 32, 9, 1, 2, 5, 6, 6, 6, 5]
data read motor 2curr [-52, -55, -54, -39, -46, -11, -9, -12, -12, -12, -11, -10, -9]
data read_timecurr [1517368571.541772, 1517368571.60573, 1517368571.669758, 1517368571.733765, 1517368571.797739, 1517368571.861726, 1517368571.925724, 1517368571.989738, 1517368572.053738, 1517368572.11771, 1517368572.181736, 1517368572.245731, 1517368572.309712] [1517368571.557741, 1517368571.621761, 1517368571.685743, 1517368571.749758, 1517368571.813762, 1517368571.877753, 1517368571.94174, 1517368572.005748, 1517368572.069738, 1517368572.133715, 1517368572.197714, 1517368572.261736, 1517368572.325715]
data read_timevel [1517368571.589763, 1517368571.653766, 1517368571.717728, 1517368571.781767, 1517368571.845742, 1517368571.909742, 1517368571.973743, 1517368572.037745, 1517368572.101737, 1517368572.165704, 1517368572.229681, 1517368572.293718, 1517368572.357733]
data read_timepos [1517368571.57375, 1517368571.637765, 1517368571.701768, 1517368571.765766, 1517368571.829729, 1517368571.893721, 1517368571.957764, 1517368572.021707, 1517368572.085757, 1517368572.149719, 1517368572.213738, 1517368572.277737, 1517368572.341737]
torque [79.43505910621379, 205.3544221204563, 20.047422552235886, 270.3147498330934, 35.075798480575706, 50.08868345363172, 5.008812367636255, -5.0087190742050804, 0.0, 0.0, 0.0, 0.0, -5.007711726552557]
velocity [13, 54, 58, 112, 119, 129, 130, 129, 129, 129, 129, 129, 128]
read position1 [3002, 3059, 3113, 3219, 3339, 3470, 3603, 3733, 3862, 3991, 4122, 4250, 4379]




data read motor 1curr [0, 59, 59, 44, 35, 13, 5, 10, 15, 13, 9, 14, 17]
data read motor 2curr [-57, -61, -58, -41, -39, -7, -5, -11, -15, -8, -8, -12, -11]
data read_timecurr [1517368963.10749, 1517368963.171376, 1517368963.235387, 1517368963.299446, 1517368963.363429, 1517368963.427422, 1517368963.491442, 1517368963.555432, 1517368963.619418, 1517368963.683493, 1517368963.747376, 1517368963.811358, 1517368963.875409] [1517368963.123483, 1517368963.187391, 1517368963.251444, 1517368963.315391, 1517368963.379443, 1517368963.443441, 1517368963.507388, 1517368963.571544, 1517368963.635437, 1517368963.69935, 1517368963.763378, 1517368963.827335, 1517368963.891386]
data read_timevel [1517368963.155485, 1517368963.219394, 1517368963.283448, 1517368963.347426, 1517368963.411468, 1517368963.475549, 1517368963.539423, 1517368963.603435, 1517368963.667387, 1517368963.731354, 1517368963.79539, 1517368963.859428, 1517368963.923388]
data read_timepos [1517368963.139473, 1517368963.2034, 1517368963.267432, 1517368963.331426, 1517368963.395449, 1517368963.459446, 1517368963.523444, 1517368963.587443, 1517368963.651446, 1517368963.715353, 1517368963.779381, 1517368963.843416, 1517368963.907423]
torque [85.60886368226012, 195.6242501252749, 65.06051313928583, 245.51960950961836, 30.03351860280051, 55.02805846791924, -5.018758685498732, -20.031742186272783, 5.012640392925239, 15.03439005828513, -15.01821297263344, -15.017709746896724, 15.036015288695355]
velocity [14, 53, 66, 115, 121, 132, 131, 127, 128, 131, 128, 125, 128]
read position1 [3130, 3184, 3243, 3355, 3477, 3611, 3743, 3871, 3998, 4130, 4261, 4386, 4515]




data read motor 1curr [0, 70, 68, 31, 22, 13, 10, 12, 11, 9, 9, 12, 12]
data read motor 2curr [-66, -70, -68, -22, -11, -6, -12, -10, -10, -8, -7, -8, -11]
data read_timecurr [1517369438.785983, 1517369438.849958, 1517369438.913974, 1517369438.977982, 1517369439.042033, 1517369439.105899, 1517369439.169987, 1517369439.233973, 1517369439.297979, 1517369439.361975, 1517369439.425976, 1517369439.489972, 1517369439.553981] [1517369438.801978, 1517369438.86596, 1517369438.929977, 1517369438.993957, 1517369439.057928, 1517369439.121934, 1517369439.185901, 1517369439.249907, 1517369439.313906, 1517369439.3779, 1517369439.441945, 1517369439.505949, 1517369439.569901]
data read_timevel [1517369438.833939, 1517369438.89797, 1517369438.961976, 1517369439.02598, 1517369439.089918, 1517369439.153934, 1517369439.217913, 1517369439.281936, 1517369439.34591, 1517369439.40991, 1517369439.473931, 1517369439.53791, 1517369439.601903]
data read_timepos [1517369438.817978, 1517369438.881982, 1517369438.945969, 1517369439.00996, 1517369439.074023, 1517369439.1379, 1517369439.201861, 1517369439.26596, 1517369439.329865, 1517369439.393823, 1517369439.457952, 1517369439.521951, 1517369439.585859]
torque [85.69031316630955, 255.3295840520967, 75.12602853799481, 190.3256528538604, 35.09620241294438, 10.015236948234534, 5.010529587272854, 0.0, 0.0, 10.017774009767047, -5.007226851811788, -10.021059174545709, 0.0]
velocity [14, 65, 80, 118, 125, 127, 128, 128, 128, 130, 129, 127, 127]
read position1 [2980, 3046, 3119, 3238, 3365, 3494, 3624, 3753, 3883, 4012, 4142, 4271, 4398]


data read motor 1curr [0, 80, 78, 20, 7, 5, 7, 5, 2, 1, 2, 2, 2]
data read motor 2curr [-75, -80, -79, -15, -11, -13, -14, -12, -10, -9, -9, -8, -8]
data read_timecurr [1517369813.937263, 1517369814.001197, 1517369814.065163, 1517369814.129179, 1517369814.193223, 1517369814.257192, 1517369814.321153, 1517369814.38538, 1517369814.44921, 1517369814.513147, 1517369814.577169, 1517369814.641174, 1517369814.705133] [1517369813.953224, 1517369814.017221, 1517369814.081174, 1517369814.145166, 1517369814.209218, 1517369814.273175, 1517369814.337173, 1517369814.401167, 1517369814.465213, 1517369814.529235, 1517369814.593164, 1517369814.657168, 1517369814.721167]
data read_timevel [1517369813.985136, 1517369814.049211, 1517369814.113168, 1517369814.1772, 1517369814.241211, 1517369814.305169, 1517369814.369267, 1517369814.433219, 1517369814.497224, 1517369814.561175, 1517369814.625192, 1517369814.689168, 1517369814.753174]
data read_timepos [1517369813.969181, 1517369814.033224, 1517369814.097163, 1517369814.16114, 1517369814.225221, 1517369814.289144, 1517369814.353149, 1517369814.417191, 1517369814.48122, 1517369814.54517, 1517369814.609199, 1517369814.673175, 1517369814.73717]
torque [116.31199868858566, 320.19303189573264, 0.0, 210.26750751218734, 20.032115243252353, 0.0, 0.0, 0.0, 10.016953055095666, 0.0, 0.0, -5.010753659253949, 0.0]
velocity [19, 83, 83, 125, 129, 129, 129, 129, 131, 131, 131, 130, 130]
read position1 [2994, 3079, 3155, 3280, 3412, 3542, 3673, 3803, 3936, 4068, 4199, 4329, 4461]


data read motor 1curr [0, 85, 88, 24, 5, 4, 12, 11, 8, 4, 5, 6, 6]
data read motor 2curr [-82, -89, -88, -9, -5, -11, -17, -16, -11, -9, -10, -10, -9]
data read_timecurr [1517370193.532512, 1517370193.596556, 1517370193.660476, 1517370193.724556, 1517370193.788534, 1517370193.852575, 1517370193.916447, 1517370193.98052, 1517370194.044492, 1517370194.108505, 1517370194.172457, 1517370194.23648, 1517370194.300516] [1517370193.548553, 1517370193.612491, 1517370193.676499, 1517370193.740567, 1517370193.804449, 1517370193.868531, 1517370193.932445, 1517370193.99654, 1517370194.060554, 1517370194.124449, 1517370194.188428, 1517370194.252522, 1517370194.316491]
data read_timevel [1517370193.580559, 1517370193.644577, 1517370193.708557, 1517370193.772507, 1517370193.83651, 1517370193.900467, 1517370193.96444, 1517370194.028478, 1517370194.092558, 1517370194.156517, 1517370194.220528, 1517370194.284443, 1517370194.348455]
data read_timepos [1517370193.56454, 1517370193.628486, 1517370193.692587, 1517370193.756538, 1517370193.820491, 1517370193.884405, 1517370193.948501, 1517370194.012558, 1517370194.076455, 1517370194.140443, 1517370194.204515, 1517370194.268477, 1517370194.332536]
torque [128.3986969322217, 370.5527265308953, 0.0, 155.3964868351061, 20.034577767849395, -5.012247984775339, -20.04391100510815, 20.023687545602787, 5.002625220562891, 5.012079828660978, -5.008028810813088, -5.01553864031091, 0.0]
velocity [21, 95, 95, 126, 130, 129, 125, 129, 130, 131, 130, 129, 129]
read position1 [2975, 3071, 3163, 3289, 3421, 3551, 3678, 3808, 3937, 4070, 4201, 4330, 4461]

