torque current fo constant velocities:



for velocity: 5:
current=[26.9, 53.8, 80.7, 107.6, 121.05, 134.5, 147.95, 161.4, 188.3, 215.2, 242.1];
torque=[0.012, 0.036, 0.073, 0.09, 0.1, 0.12, 0.12, 0.125, 0.155, 0.17];

for velocity: 10:
current=[26.9, 53.8, 80.7, 107.6, 121.05, 134.5, 147.95, 161.4, 188.3, 215.2, 242.1];
torque=[0.008, 0.035, 0.062, 0.08, 0.09, 0.11, 0.11, 0.12, 0.14, 0.15];

for velocity: 15:
current=[26.9, 53.8, 80.7, 107.6, 121.05, 134.5, 147.95, 161.4, 188.3, 215.2, 242.1];
torque=[0.004, 0.034, 0.051, 0.07, 0.085, 0.1, 0.105, 0.115, 0.12, 0.12, ];

for velocity: 20:
current=[53.8, 80.7, 107.6, 121.05, 134.5, 147.95, 161.4, 188.3, 215.2, 242.1];
torque=[0.031, 0.042, 0.06, 0.08, 0.09, 0.1, 0.113, 0.1, 0.098];

for velocity: 25:
current=[53.8, 80.7, 107.6, 121.05, 134.5, 147.95, 161.4, 188.3, 215.2, 242.1];
torque=[0.027, 0.03, 0.05, 0.075, 0.085, 0.09, 0.112, 0.08 , 0.08];

for velocity:30:
current=[ 80.7, 107.6, 121.05, 134.5, 147.95, 161.4, 188.3, 215.2, 242.1];
torque=[0.02, 0.04, 0.07, 0.08, 0.085, 0.111, 0.07, 0.075];
